0.391872,0.718241
0.473537,0.671834 0.482823,0.963663 0.608849,0.911618 0.861142,0.657069 0.173498,0.268343 
0.482823,0.963663
0.608849,0.911618 0.391872,0.718241 0.473537,0.671834 0.861142,0.657069 0.173498,0.268343 
0.95757,0.00561756
0.799088,0.0910169 0.861142,0.657069 0.473537,0.671834 0.173498,0.268343 0.391872,0.718241 
0.473537,0.671834
0.391872,0.718241 0.608849,0.911618 0.482823,0.963663 0.861142,0.657069 0.173498,0.268343 
0.861142,0.657069
0.608849,0.911618 0.473537,0.671834 0.391872,0.718241 0.482823,0.963663 0.799088,0.0910169 
0.799088,0.0910169
0.95757,0.00561756 0.861142,0.657069 0.173498,0.268343 0.473537,0.671834 0.391872,0.718241 
0.173498,0.268343
0.391872,0.718241 0.473537,0.671834 0.799088,0.0910169 0.482823,0.963663 0.608849,0.911618 
0.608849,0.911618
0.482823,0.963663 0.473537,0.671834 0.391872,0.718241 0.861142,0.657069 0.173498,0.268343 
