0.81149,0.630914
0.718014,0.687725 0.892465,0.963064 0.933255,0.152233 0.353726,0.928738 0.407871,0.17748 
0.183435,0.886882
0.353726,0.928738 0.0748377,0.602513 0.718014,0.687725 0.81149,0.630914 0.892465,0.963064 
0.892465,0.963064
0.718014,0.687725 0.81149,0.630914 0.353726,0.928738 0.183435,0.886882 0.933255,0.152233 
0.0748377,0.602513
0.183435,0.886882 0.353726,0.928738 0.0750083,0.111011 0.407871,0.17748 0.718014,0.687725 
0.718014,0.687725
0.81149,0.630914 0.892465,0.963064 0.353726,0.928738 0.183435,0.886882 0.933255,0.152233 
0.0750083,0.111011
0.407871,0.17748 0.0748377,0.602513 0.183435,0.886882 0.933255,0.152233 0.718014,0.687725 
0.407871,0.17748
0.0750083,0.111011 0.933255,0.152233 0.0748377,0.602513 0.718014,0.687725 0.81149,0.630914 
0.353726,0.928738
0.183435,0.886882 0.0748377,0.602513 0.718014,0.687725 0.892465,0.963064 0.81149,0.630914 
0.933255,0.152233
0.81149,0.630914 0.407871,0.17748 0.718014,0.687725 0.892465,0.963064 0.0750083,0.111011 
